Webots Project File version R2019a
perspectives: 000000ff00000000fd000000030000000000000320000003b6fc0100000002fb0000001e00480074006d006c0052006f0062006f007400570069006e0064006f00770000000000000003200000000000000000fb0000001a0044006f00630075006d0065006e0074006100740069006f006e0000000000ffffffff0000005400ffffff000000010000007f000002d9fc0200000001fb0000001400540065007800740045006400690074006f0072010000001a000002d90000003e00ffffff0000000300000780000000d7fc0100000001fb0000000e0043006f006e0073006f006c00650100000000000007800000005400ffffff000006fb000002d900000001000000020000000100000008fc00000000
simulationViewPerspectives: 000000ff000000010000000200000186000004ca0100000006010000000100
sceneTreePerspectives: 000000ff00000001000000020000007e000000fc0100000006010000000200
maximizedDockId: -1
centralWidgetVisible: 1
selectionDisabled: 0
viewpointLocked: 0
orthographicViewHeight: 1
textFiles: -1
renderingDevicePerspectives: 6:camera;1;0.820513;0;0
renderingDevicePerspectives: 3:camera;1;0.820513;0;0
renderingDevicePerspectives: 8:camera;1;0.820513;0;0
renderingDevicePerspectives: 4:camera;1;0.820513;0;0
renderingDevicePerspectives: 2:camera;1;0.820513;0;0
renderingDevicePerspectives: 1:camera;1;0.820513;0;0
renderingDevicePerspectives: 7:camera;1;0.820513;0;0
renderingDevicePerspectives: 9:camera;1;0.820513;0;0
renderingDevicePerspectives: 5:camera;1;0.820513;0;0
